本文件用来记录试玩游戏时用的时间和剩余蔬菜数。
记录格式为：
    [时间], [剩余数量], [分数]

level_1_1
    32.0, 6, 1500
level_1_2
    22.2, 6, 1600
level_1_3
    39.4, 6, 1700
level_1_4
    34.0, 4, 1400
level_1_5
    29.0, 7, 1700
level_1_6
    32.8, 4, 1500
level_1_7
28.1   3   500
level_1_8
32.6  1  100
level_1_9
44.9   3   300
level_1_10
60.6   2   200


level_2_1
    19.7,7,1800
level_2_2
    35.6,6,1500
level_2_3
    32,6,1600
level_2_4
    38.3,7,1500
level_2_5
    30.5,6,1700
level_2_6
    47.2,7,1500
level_2_7
    30.9,10,1700
level_2_8
    51.9,5,1600
level_2_9
    60.3,4,900
level_2_10
    55.6,5,700


level_3_1
    23.6,8,1800
level_3_2
    39.8,9,1600
level_3_3
    32.9,4,1000
level_3_4
    40.7,6,700
level_3_5
    45.2,5,1100
level_3_6
    62.8,5,1500
level_3_7
    69.9,7,1400
level_3_8
    74.4,6,1300
level_3_9
    62.8,4,1000
level_3_10
    45.4,6,1300


level_4_1
41.5   4   900
level_4_2
53     6   1300
37.7   4   1200
level_4_3
39.3   3   300
level_4_4
45.2   4   200
level_4_5
52.3   3   300
level_4_6
65.5    2   200
level_4_7
64.5   2   200
level_4_8
69   2  600
level_4_9
35.6   2   200
level_4_10
135.2  2  200